0 58 4
1 14 8
1 2 3
2 7 2
2 1 3
2 3 6
3 11 6
3 2 6
3 4 6
4 77 3
4 3 6
4 5 6
5 85 4
5 4 6
5 6 13
6 91 8
6 5 13
7 2 2
8 74 2
9 67 1
10 88 3
11 3 6
11 67 2
11 74 3
12 65 1
12 13 2
13 67 1
13 12 2
14 1 8
14 59 6
14 65 5
15 77 6
15 75 3
15 16 2
16 81 3
16 15 2
16 17 4
17 85 5
17 16 4
17 18 1
18 40 8
18 17 1
18 19 3
19 23 3
19 18 3
19 20 3
20 24 3
20 19 3
20 21 1
21 88 1
21 20 1
22 69 1
23 19 3
24 20 3
24 25 1
25 89 4
25 24 1
25 90 1
26 75 4
26 70 2
26 76 1
27 31 1
28 60 5
28 29 2
29 44 2
29 28 2
29 30 2
30 63 6
30 29 2
30 31 4
31 27 1
31 30 4
31 32 1
32 53 11
32 31 1
32 33 2
33 66 4
33 32 2
33 34 2
34 37 1
34 33 2
34 71 3
35 57 11
35 89 4
35 36 1
36 91 8
36 35 1
37 34 1
38 45 2
38 72 3
38 39 2
39 78 8
39 38 2
39 82 2
40 18 8
40 82 5
40 41 1
41 47 6
41 40 1
42 49 6
42 43 2
43 89 1
43 42 2
44 29 2
45 38 2
46 82 4
46 84 1
47 41 6
47 48 3
48 51 2
48 47 3
48 49 1
49 42 6
49 48 1
49 87 1
50 56 2
50 78 8
50 51 3
51 48 2
51 50 3
52 63 5
52 53 5
53 32 11
53 52 5
53 54 7
54 73 3
54 53 7
54 55 5
55 78 2
55 54 5
55 80 1
56 50 2
56 57 10
57 35 11
57 56 10
58 59 4
58 0 4
58 61 1
59 60 3
59 58 4
59 14 6
60 28 5
60 59 3
60 62 1
61 58 1
62 60 1
63 52 5
63 30 6
63 64 1
64 63 1
65 66 4
65 12 1
65 14 5
66 33 4
66 65 4
66 69 5
67 13 1
67 9 1
67 11 2
68 73 2
69 70 1
69 22 1
69 66 5
70 71 3
70 69 1
70 26 2
71 72 1
71 70 3
71 34 3
72 73 7
72 71 1
72 38 3
73 54 3
73 72 7
73 68 2
74 75 3
74 8 2
74 11 3
75 26 4
75 74 3
75 15 3
76 26 1
77 15 6
77 4 3
77 79 1
78 55 2
78 39 8
78 50 8
79 77 1
80 55 1
81 82 5
81 16 3
81 83 1
82 46 4
82 81 5
82 39 2
82 40 5
83 81 1
84 46 1
85 17 5
85 5 4
85 86 2
86 85 2
87 49 1
88 21 1
88 10 3
88 91 5
89 43 1
89 25 4
89 35 4
90 25 1
91 36 8
91 6 8
91 88 5
